3.73787822603613  0.0               0.0
0.0               4.31613           0.0
0.0               0.0               3.69986
1.0   -0.5  0.0
0.0   1.0   0.0
0.0   0.0   1.0
-7.4516822e-09           5.329307800000001e-09    1.06715743e-08           Vac,Li
0.3336714849592889       -0.16683569937912185     0.4999999969613385       C
0.6663285534016189       -0.33316432144261343     0.5000000035608374       C
-2.986188e-08            0.33367135734211834      0.4999999981940014       C
0.3336715890323957       0.16683575865063277      0.5000000000455724       C
-1.0183772999999997e-09  0.6663286092509997       0.4999999856906685       C
0.6663284109386356       0.3331642902486769       0.5000000048760065       C
