3.73648815134001  0.0               0.0
0.0               4.31452488        0.0
0.0               0.0               7.550339121
1.0   -0.5  0.0
0.0   1.0   0.0
0.0   0.0   1.0
0.333018755649384      0.508146585153338      0.029713546124341003   Vac,Li
0.669484940562117      0.006519472911483455   0.5113116977310002     Vac,Li
0.0016332623445670003  0.33949230896331445    0.26938755739595305    C
0.668725268745193      0.3401164374367035     0.26941489457042       C
0.334618532088584      0.17303575228368195    0.269485527642053      C
0.668758684598009      -0.3269476882672605    0.26948609292998005    C
0.001597101390352      0.67369084059185       0.26955356294923305    C
0.33462449208481       -0.159821605553654     0.269671895953549      C
0.330755537915982      0.50706837742963       0.760740690630243      C
0.664780508440803      -0.3265517755961695    0.771813089321929      C
0.330151721579814      0.17340091218863102    0.7718619513261561     C
0.997415708517928      0.17442722058905105    0.7720528604194661     C
0.997447283889823      -0.49288363600023843   0.7722534959311111     C
0.66406127823167       0.007098299046485913   0.7826601687961561     C
